-4.999226855440724870e-01 1.145571960387222532e+00 9.097077871993344278e-01
-7.641421552450284871e-01 -1.377216578291763582e+00 1.231207610229503313e+00
-3.260810357342183163e-01 -1.808887897205020412e-01 1.976293580508668990e-01
6.923862311682329462e-01 6.597315730196353645e-01 -1.247148902989434038e+00
-5.213845071752314375e-01 -5.061322412154233286e-01 1.168603254550033554e+00
-2.859822917201636505e-01 3.349269688470426498e-01 -1.183794110164809066e+00
8.772885502414893288e-01 -1.256525107112601347e+00 -1.161289487764525230e-01
-1.420207919658415863e+00 -4.727625919387822284e-01 4.031794226952594151e-01
4.623003658675506333e-02 -1.328977911128547573e+00 1.356404791083413830e+00
8.180425592644797739e-01 1.475897775689037683e+00 -1.053804657527944499e+00
-1.560932153036047598e-01 -7.123621802706845418e-01 1.140537159732782246e+00
1.239775269676492098e+00 7.565528103719074693e-01 1.378806165478727586e-01
-1.353710756600618126e+00 1.385971978964493978e+00 -5.494266642456329119e-01
-4.027091736207852879e-01 -6.528005379787998885e-01 -3.797909934726395598e-03
7.559364049699199839e-01 -1.185158005030625628e+00 1.217262684263477057e-01
-3.684648185391904418e-01 -6.588606476237907073e-01 -3.779791835961949786e-01
-1.635087708992838396e-01 -7.578170707359139779e-01 8.144052760179677497e-01
1.162925448255265337e+00 -7.931218544274862836e-01 2.763989064440210974e-01
5.139909983400895443e-01 -1.077302458061584201e+00 1.554082541873491596e-01
-6.783246796176091165e-01 -5.890420370612570178e-02 -1.385293310078485440e+00
9.257810806644667379e-01 -1.152302975643651139e+00 4.802215758114461996e-01
-1.247733326138538601e+00 -4.877307756601342303e-01 1.263277853743709267e+00
1.001409944038783806e+00 -9.763725861165807318e-01 1.468634577872583336e+00
1.462870002788170698e+00 1.156542281934086480e-01 1.394371462110607363e+00
-9.280265320417626640e-01 1.120214247207765412e+00 -7.458454558189969719e-01
-1.033057436117402084e+00 1.196235034019431653e+00 -3.439750406410427841e-01
-1.326620965859689472e-01 6.597390329170245149e-01 -1.385468174930584162e-01
3.999872072002317314e-01 4.032074311686743018e-01 -1.351582691008221371e+00
-1.439339271651628227e+00 3.453122725934644199e-01 -7.019805511466151726e-01
-1.436800518344994559e+00 1.293097610610755011e-01 -1.430146887771539532e+00
1.490007591616511862e+00 1.241647152375354501e+00 1.066671401434627686e+00
9.542924658269180682e-02 -9.171714548337698281e-01 5.402404468202108845e-01
3.689843383687717582e-01 1.130160363906644649e+00 -1.370929502050733939e+00
-8.517064205278535027e-01 -6.430934146484323932e-02 4.225153892716171367e-02
3.374620269385175675e-03 4.328118515095347174e-01 -1.875885530083271080e-01
9.055589103739928314e-01 5.750311784986261721e-02 -4.539761705145297643e-01
1.140354568869267560e+00 -1.428622683460047504e+00 1.237763943952896240e+00
9.599807032184595190e-01 -1.021828285501486189e+00 6.120168939312258249e-01
1.496165490426918598e+00 -7.444898450525789801e-01 1.257298322280175018e+00
-1.433309694738106321e+00 -6.276935809485451045e-02 6.372335272372948722e-01
-8.785089409192224918e-01 1.442017401142708710e+00 9.876342324173316145e-01
-1.197047710255379815e+00 6.911858888418764835e-01 5.778605351528387502e-01
-1.096084927827535083e+00 1.391142293516592243e+00 -1.025634746836457278e+00
-1.960390999593603079e-01 7.432197242997808928e-01 -1.293797330759409281e+00
1.162183528055096504e+00 1.040451731086982079e-01 -5.445013871410653294e-02
-2.494418768856123680e-01 1.016060012191341233e+00 -3.037482739947031662e-01
-4.711407805423487583e-01 -1.285686547532823409e+00 -5.101099577483689806e-01
-3.564163643668406545e-01 7.034141519435898049e-01 4.231244709390934444e-01
8.885320541917263171e-01 9.594378691742087018e-01 -4.416567132775275351e-01
1.999584403689367296e-01 -5.612809110890165654e-01 4.870103228181049682e-01
-7.492614465032146898e-01 -4.557942518669332310e-01 -6.346367432177154599e-01
-9.152725281590983197e-01 1.112084430597120033e+00 4.010619045122008064e-01
6.684974224883122318e-04 1.493878546298815779e-01 5.117319676717003718e-01
7.601707290132008188e-01 -1.080881731974573157e+00 1.220408025027864163e+00
1.410193537466399860e+00 1.137278763245846314e+00 6.977232676215991969e-01
-7.183908950330494259e-01 -2.805556375628506238e-01 1.303701512340733171e+00
1.076910510857266967e+00 7.265432121920631925e-01 -5.548777579400203663e-01
-1.255268026828280536e+00 -4.352575094127526523e-01 1.425676613215400845e+00
1.115089108032929044e+00 3.006368164459397585e-01 2.657688539872281597e-01
8.376665399501981302e-02 1.124185820654635126e+00 4.568472585526421881e-01
-1.649347837322696630e-01 -8.294994930990450266e-01 -7.910064514062193908e-01
1.012030530659473015e+00 1.196924751360538552e+00 1.323993300420893693e+00
-6.822793597774113872e-01 -9.859250902045086917e-01 -1.076548283412491980e+00
-5.793613912804480570e-01 8.631756665787772009e-01 -7.488277959949382057e-01
-9.258122908432977471e-01 3.384143799121434038e-01 -6.059970294484784414e-02
1.477431814859034409e+00 1.457828969377122696e+00 -1.485634620568828668e+00
3.338268554103577257e-01 9.266884443425948970e-01 1.152791083939397776e+00
-1.029711544500531373e+00 -2.506380756268831167e-01 -5.621701373737435503e-01
1.266507978530286405e+00 -4.024093062858405956e-01 9.280111311513130623e-01
-6.081239997206434600e-01 1.005049554239578979e+00 3.796869945874515873e-01
-6.733436938891546042e-01 -1.191913275364083979e+00 -1.126353171664078445e+00
6.790023780673961618e-01 -6.268260377993122301e-01 -8.729948337033842654e-01
-6.384851342816060260e-01 1.177068226174274423e+00 1.374528419257935674e+00
9.127619321833001509e-01 -9.900167891774165341e-01 -1.143106600144188523e+00
7.857572867511408710e-02 6.740634561896735599e-01 1.466775529532235112e+00
-5.056362627031771861e-01 6.945293182684164623e-02 -9.831011837498667694e-01
6.942255815990282519e-01 -7.176979732027355396e-01 -1.009644660600687693e+00
-5.431532424665130865e-01 8.430331192298943233e-01 -1.037505178682675666e+00
-1.256833060148449643e+00 1.313376416339936403e+00 5.565432834747809920e-01
2.316989722170390564e-01 1.185107942481310683e+00 7.753591040826839365e-01
-2.245750540794902994e-01 -2.552859549047057364e-01 -1.010331760259888245e+00
-1.213150238790845936e+00 6.646212652396216169e-01 9.209215434740192219e-02
-7.019330091377271597e-01 -1.224279882719436996e+00 -1.199985348939319518e+00
-1.029462129371049084e+00 1.195241421249932934e-01 -1.910466427185517624e-01
4.567530371333095029e-01 -1.286564874500328859e+00 -9.263551692561566853e-01
-1.964112669296739222e-01 -5.119499534417912834e-01 6.354858142724379988e-01
7.681107879769714097e-01 5.370294688563719276e-01 1.743651865147102242e-01
1.065356850926667320e+00 -1.105905447768627425e+00 -6.960341776745327946e-01
-1.203330144622257514e+00 1.339512938123891272e-01 -1.103610910427687664e+00
2.175031384109661348e-01 -6.800728943779518199e-01 3.301113301568443514e-01
1.946902023608085841e-01 -6.690412344794768318e-01 1.081361932650284352e+00
-7.814926730280110645e-01 -5.912988045800048331e-01 -5.788670632795321902e-01
3.604041768966012027e-01 6.691983370891885219e-02 -7.510568457213426807e-01
-3.620001726667200215e-01 -2.920206368345100723e-01 -4.347150118863191137e-01
-3.603695251054837012e-01 1.184640645286693106e+00 1.392940753804243315e+00
3.804428629924514471e-01 -1.133695210378907969e+00 1.197083071804309284e+00
4.522680878404212734e-01 7.188275154241049458e-01 1.067022142810217122e+00
6.493674207337170046e-01 -1.081382220290417973e+00 8.417384428139520480e-01
-7.745564909377702367e-01 2.132184356970800998e-02 -2.922517814457453733e-01
-4.964835714354685070e-01 -9.831902782139417818e-01 -1.434979624869756609e+00
-7.591104935978859602e-01 4.172728891902508508e-01 1.035550358414224270e+00
4.604443559991465706e-01 1.078300485926578789e-01 -5.337243971226219852e-01
-8.022153236788840402e-01 -8.526356918895608983e-01 1.176576220564808040e+00
5.955428613774436108e-01 5.801309936936606126e-01 8.776281161710709489e-01
-9.242915991103641815e-01 1.248914265641777099e+00 -1.226489978175731466e+00
7.117868092869190644e-01 1.278181266105952840e+00 -4.041390795328845265e-01
1.434334434637996036e+00 3.555235662630767957e-01 -5.736030862974633715e-01
-8.174295420478808749e-01 -3.122470719207425249e-01 -1.269369108323049611e+00
1.137309634774226197e+00 1.283421023236354319e+00 3.853903951512295256e-01
-6.897427439141960992e-01 2.687996784811694795e-01 1.633670521118668617e-01
-7.809548151071422639e-01 1.360842665109061045e-01 9.228788685249491586e-01
-6.126744560285031227e-01 4.914524659542123253e-01 -6.779978814739729964e-01
8.440304624407405365e-01 -1.322714969029394450e+00 -3.189871595224489376e-01
-3.152418693231654467e-01 1.077600577860389430e+00 -9.533731338445186054e-01
-2.772237741264745869e-01 4.094139287393794291e-02 5.815777143223133105e-02
-7.411968033975379067e-01 -1.072724407269786351e+00 -8.585101786743720709e-02
1.449915244180520757e-01 -6.250058036109529258e-02 -3.007123315045706624e-01
-1.793575988878058913e-01 1.484111087170541854e+00 -1.478205971487821291e+00
1.460544084197261228e+00 -9.754200649940744094e-01 1.196158612273159338e+00
-1.365766059809265798e+00 1.225517075484295226e+00 1.054640354160675031e+00
3.237294981261104043e-01 4.648060265839509819e-01 2.431113933748927369e-01
3.842347696335609575e-01 -1.093467768521843020e-01 -1.975170701008327478e-01
3.916307738153474993e-01 1.465245514510369329e+00 7.418849493114587634e-01
-1.398560097942160851e+00 5.442430016056056807e-01 -1.371380428709547905e+00
-2.457996258663944777e-01 1.055724262409925895e+00 4.520614458824783188e-01
-7.229490332051677903e-01 -1.202551625579687755e+00 2.871727369487800940e-01
1.275710089022732419e+00 -1.087900092415293951e+00 2.124757179769972693e-01
-1.310923594918800283e-03 -1.414550699287376645e+00 1.329305394916269201e-01
-4.998791756376980144e-01 5.498241312172091888e-02 9.328213390597467347e-01
1.313032571042094032e+00 1.048329636655592978e+00 6.114890982486582693e-01
1.810533638624090003e-02 5.533327796628947359e-01 3.040779418699433023e-01
-1.393534817969271478e+00 1.175523319335875616e+00 -1.237407986331665377e+00
3.171388788377336176e-01 -1.495429335969348017e+00 8.827544258951623979e-01
-1.504313698800803234e-01 5.280506768827183395e-01 -7.772322748916349333e-02
1.068166490758033049e+00 1.234087313330023417e-01 8.036135501856089824e-02
-1.330946487047777183e+00 -1.257419632347856808e+00 2.498348204969219610e-01
-1.446172216911039810e+00 1.306839648526663789e+00 8.513873415850016224e-01
-1.137766453640453035e-01 7.549764147704161044e-01 7.231368645645206428e-01
-7.262471899112519225e-01 5.246097596956135201e-01 -3.692959240704674073e-03
-5.996280908960625045e-01 1.230683601532258642e+00 9.211427740027129385e-01
-1.270057904530086823e+00 -1.431059711530949574e+00 1.285042727316726419e-01
1.379691015684182620e+00 -3.531520695768343154e-01 -1.138582900808635001e+00
3.287688233224225209e-01 -1.312028873377132587e+00 1.238125727298331480e+00
-4.708762683454492670e-01 1.224103569816193060e+00 9.122514226520962444e-01
-6.087492269505937470e-01 4.273715718907122874e-02 -5.000754652076094819e-01
8.837724151346736390e-01 -3.638306523008963955e-01 -1.340704821759421073e+00
-1.064258895121318105e+00 -2.248808228596371750e-01 -1.373604141649902743e+00
8.799346210708721694e-01 -1.159291715886805463e-01 -1.387710523859037925e+00
1.297026645527304733e+00 -1.199819954627450169e+00 9.033139629157294070e-02
1.223148004763072505e+00 4.337536360765780197e-01 1.452822952711355420e+00
-1.391124140393246389e+00 -3.275544755304687916e-01 1.167298523475596816e+00
-4.826386184252984268e-02 -1.270003716290947660e+00 1.091691405489637834e+00
-8.047665586435546192e-01 -6.916836147571898685e-01 -7.217782534532071193e-01
-1.221346887702711159e+00 5.308787262745698898e-01 1.442949564614316449e-01
1.392363682115279611e+00 5.629639957842927922e-01 6.611739695934638616e-01
-5.723867125451738147e-01 -7.650893917225791707e-01 -9.662368434480992363e-01
-9.911815979583366021e-01 1.240298148275139400e+00 -4.044949640182138317e-01
5.108557625393683743e-02 1.444030375057276938e+00 -6.479300906215397227e-01
4.925397328928199370e-01 1.300072893541528218e+00 6.250374063658419299e-01
-1.378069235046686547e+00 -1.880013984505313207e-01 -1.309973340865356217e+00
-9.049293923876376988e-01 -8.760900709206633774e-01 -1.103215795423662993e+00
3.442014563767102908e-01 4.280664944834882135e-01 -5.963095937696609727e-01
-3.585337500594283355e-01 -5.204248271747506926e-01 1.333257513854423149e+00
4.603093005295091356e-01 -1.995676859903445788e-01 -3.667264285850206917e-01
-1.185964560986846106e+00 -3.866397358739499523e-01 9.669420348178079383e-01
-7.458845539538120351e-01 -1.202181222498814206e+00 -4.820324165451690401e-01
5.640726690324706638e-01 -3.438127725695038217e-01 -5.773531988518704194e-01
-2.051131765116768202e-01 1.375085759765275029e+00 8.574742116118775348e-01
-1.255989270466077112e+00 4.463304859870669272e-01 -9.064805238096892426e-01
-1.478920639915349167e+00 4.710038507206497638e-01 1.321958747358919828e+00
7.728344482135721671e-01 1.399775984058205802e+00 -1.049130983813038043e+00
-8.582757774469910172e-01 -2.201771582083692502e-01 -1.249011399296634739e+00
9.107035581728636364e-01 2.018934950224384739e-01 8.295157487875866043e-01
-4.843605618804621704e-01 -8.261707957364794463e-01 -9.039903666173554342e-02
1.260604906047779084e+00 -3.579580928665870854e-02 9.879822321166594756e-01
-8.656799041056886246e-01 5.941110656789250211e-01 -7.828701612799865428e-01
-4.198492897508798727e-02 1.421058381789883862e+00 5.294413279034544395e-01
-1.161912271469428326e+00 4.463439902027189765e-01 -4.843841162824413793e-01
-1.116732858119105165e+00 4.197874043744235228e-01 -6.981924730630686415e-01
-6.295998791949592999e-01 -6.531375769976588419e-02 -2.355015715351770345e-01
-1.087963605956235202e+00 -7.564532884128363222e-01 9.233552566042760867e-01
-9.235456872392506789e-01 -1.147957825214553029e+00 -6.856243620324318222e-01
1.998195292578694993e-01 3.945864737516348031e-01 3.311349228439774972e-01
2.067185684535283174e-01 -1.305510099564419546e+00 4.271017863970062445e-01
7.254032421205007797e-01 -3.277044192275244683e-01 -1.068078646290588019e+00
-5.549253019926465580e-01 1.240457091018033697e+00 3.560640419564686798e-01
-3.437458265324099260e-01 7.431065181491118832e-01 3.933296285134549874e-01
-4.625632913899626608e-01 -1.076921409335003688e+00 3.438862284993922103e-01
-1.999431685608485942e-01 1.152986319818974925e+00 -7.477394105182251227e-01
6.968612691882071219e-01 9.092356451017823415e-01 8.041658651594845164e-01
-1.390285864658168391e+00 1.317686329569857318e+00 3.691149236419755120e-01
-4.310353403606367317e-01 4.994875854827913741e-01 -3.210339386396968697e-01
-8.767844106852705766e-01 -3.956685475791792417e-01 -1.218319616041596110e+00
2.227263829407108986e-01 -2.402734481328135940e-01 3.749557492750037468e-01
-8.596744665064570690e-01 1.074794506079601142e+00 -1.059798339908434528e+00
3.188628122933744313e-01 8.687370754598457978e-01 -5.243018953194349407e-01
9.487402574009895506e-02 -2.865954374272198235e-01 2.492324563729194642e-01
-1.478679777319265032e-01 -5.684363692575009619e-01 4.956819708409523351e-01
-8.056776775124327994e-01 6.223050626582710132e-01 -3.283250115503156819e-01
5.778512290557668019e-01 -4.320539732023348511e-01 -3.773580945155818878e-01
-1.425239892327612612e+00 5.648101225123417501e-01 -1.386108424799190608e+00
1.498112512597254531e+00 -1.536299686829789568e-01 -5.796471497128521388e-01
-4.950820997181759608e-02 1.306379189982410427e+00 7.288084954722979791e-01
-4.048744692388295263e-01 -9.697455986969221176e-01 5.241818673356791747e-01
-3.768829355030026695e-01 -4.285400310496478848e-01 -1.241056687026304672e+00
3.484507385187830542e-01 5.016936735823999127e-01 -6.982934210326124935e-01
1.188439788390888374e+00 3.902249579807037794e-02 -1.375831268824480036e-01
9.174752093832267974e-01 2.325651019167818134e-03 4.701032799985296329e-01
6.484073748030984019e-01 1.768010529273444931e-02 -9.678006471653802789e-01
1.071324256732350655e+00 6.103085513696471232e-02 -2.422967969425756651e-01
-9.016865628095239726e-01 1.026341638897074304e+00 4.934346080592346695e-01
-1.067077436622283493e-01 -1.449339917893554652e+00 -3.845706985748806872e-01
3.299633052910522224e-02 1.843146460164789557e-01 -1.449032808460192889e+00
-1.057588153364683148e+00 -3.598489004594543905e-01 2.928311931376795796e-01
9.884677895723669172e-01 -7.379096234209138183e-01 1.312422355421891007e+00
4.791386216026172207e-01 -3.562601038262320774e-01 -3.064673401027319111e-01
-6.855100160272696863e-01 -1.199191741321678162e+00 1.364902809475585510e+00
3.450127586362251586e-01 -4.536840731900954049e-01 -1.037453036304376575e-01
6.490246928806350235e-01 -6.957341692569884994e-01 5.344719224744858277e-01
2.553825060605707797e-01 -1.128521607548055972e+00 -1.133944066131128414e-01
7.733709009272899948e-01 1.094461441725167905e+00 -4.053214852714775995e-01
5.246906614549698977e-01 -1.351327660048598611e+00 -1.459999580259287999e+00
-9.130410968881486067e-01 3.082352286820375653e-01 4.657749146150440556e-01
2.253411070831322638e-01 5.018397406794808946e-01 -5.919447364615996188e-01
-7.184245321814101137e-01 7.950854238919704553e-01 -6.805344066237350997e-01
-5.420614536827774721e-01 6.737703219470532190e-01 8.861292490654633092e-01
9.059684715598201876e-01 1.886871706835077100e-01 1.885140596548955383e-01
-1.155058607161939310e+00 1.350123213205516759e+00 1.312525702059607280e+00
-3.546598265394227401e-01 -1.494762315546602327e+00 -8.638625075291048727e-01
9.515974374424449600e-01 4.955069335796168373e-01 7.048162761410695643e-01
1.409823501433161486e+00 -1.243651170651430160e+00 -2.072461312832045710e-01
-4.181723263542216351e-01 1.215987276346913060e+00 3.540169312761174414e-01
1.247588682090369883e+00 1.362356951359775303e+00 -7.434884719607351977e-01
-1.285291252934257056e+00 1.217048256704464038e+00 -3.918134556748867903e-01
1.454248221868689184e-01 -3.828856397563396019e-02 -1.478164742987755353e-01
1.398853376741846066e+00 -2.459044860894837869e-01 -2.625691567236251300e-01
-2.797726351644609366e-01 -4.494338334573262372e-01 1.131410733793128953e+00
5.296984083762218409e-01 1.435111145210240746e+00 -5.337477276646402924e-01
8.549122698001626608e-01 1.111910186112433641e-01 1.133832779404158941e+00
1.061223219106418814e+00 -1.090689317645193501e+00 -4.042687430308254948e-01
-1.262190070759070748e+00 5.749981416069005480e-02 -3.929706239900987441e-01
7.405395612843335140e-01 -1.023578288327664509e-02 -1.343270248489582652e+00
1.043495288069433924e+00 -3.222955133046735421e-01 -1.137432110923381146e+00
1.293582371464571334e+00 -1.238396581173732969e+00 5.906222815696748896e-01
9.898185268448711494e-01 -1.161049130278203778e+00 -7.928061431746572518e-01
-8.794340929500438220e-01 4.850515960686401229e-01 5.047207145516936500e-01
1.462589368856170191e+00 -7.028297350992893655e-01 6.214889958731038000e-01
-6.871828744893796470e-01 9.224820174928316519e-02 -4.129580974453377351e-01
-6.863437044502308515e-01 -2.817693210517657754e-02 9.207048799404735639e-01
-1.410559297341318796e+00 -5.388399945625257370e-01 3.387743470308021143e-01
-3.398806753162386673e-01 -2.323574521361249090e-01 -1.148258369563283532e+00
1.064859010259357142e+00 -1.228396132250761497e+00 -4.046463653285262696e-01
1.484003606243393003e+00 -1.625138809878798885e-01 -1.305493029183385501e+00
1.339855068436190066e+00 -1.268563787392360975e+00 2.891807664049315107e-01
1.382209271347415669e+00 -4.990506105206846676e-01 3.887410407943321378e-01
-1.312642075248896978e+00 -8.475316006416396819e-01 -1.028395704543175082e+00
6.999509427930401539e-01 -7.007644908736524458e-01 3.562311304002303558e-01
6.963573937998486230e-01 5.572186387436317556e-02 -8.264828632890396376e-01
-2.197992535416789517e-01 9.929292234094255765e-01 -3.637463697765773718e-01
-1.193720029110783676e+00 4.962365619676374351e-01 -7.659894040393336878e-01
9.844346686935381285e-01 -5.562827294433245751e-01 5.163841057211593366e-01
-8.840252283843111902e-01 1.778624131035977385e-02 1.246833471495520929e+00
-3.686011983176391560e-01 1.285999887511410922e+00 8.678053893473244296e-01
1.949570977035240960e-01 3.220949587610089093e-02 2.773973385252112012e-01
-1.022182362069496975e+00 -7.208843136060554269e-01 1.356454461856942295e+00
-7.013622031048453165e-01 1.134192438383779811e+00 -8.339210114274849817e-01
3.977691288843889783e-01 1.222542940576698545e+00 1.208502589835906083e+00
-1.292927843771820351e+00 5.487408348936380076e-01 1.421358283535507638e+00
-1.117748758914766549e+00 -6.605760047136033375e-01 -1.467549251309262726e+00
-2.545856905893435496e-01 -1.024901995027550861e+00 4.353422756375020519e-01
6.078282752089808616e-01 -8.061881538989483786e-01 -1.809085453025243151e-01
-8.649471407768094533e-01 -3.975554724664478456e-01 -1.192005681387311444e+00
4.560012041596310794e-01 1.179993808800516852e+00 1.110421020551835003e+00
6.235906002199163023e-01 8.481737482360508507e-01 1.422084127373935081e+00
-1.084625890444869345e+00 1.016843737599532727e+00 6.014668781539018738e-01
2.452224749695697259e-01 4.466314758348243208e-01 -1.010253866455042893e+00
7.227262555764633056e-01 8.857257361935819695e-01 7.466179872492367808e-01
-4.863404679362970384e-03 1.228597087919070407e+00 4.169182462238951725e-01
-1.664200305300779226e-01 -5.417434124904181303e-01 3.874995670142896698e-01
7.682676147108585818e-01 -5.572423351327107088e-01 1.467073552496771960e+00
1.002447681741087671e+00 -8.445771638450801921e-01 -7.434969581064080346e-01
-1.055867670530281188e+00 -1.085207892915524885e+00 5.644190899041572340e-01
-1.079357458300630235e+00 -5.100646446662900901e-01 1.487142223594665413e+00
-3.876710230541421387e-01 1.152236076840734924e+00 5.419821094410646189e-01
1.769142235986004286e-01 9.153213581516407293e-01 8.332835533399463035e-02
3.532396754825164464e-01 7.816316538055615437e-01 -3.060141082590932537e-01
-1.454144858653132477e+00 -3.519906138700246157e-01 8.149750406609809206e-01
1.296206683601308196e+00 -1.280383800595837451e+00 7.736824272966189575e-01
9.984230185918359091e-01 2.726777785548053501e-01 1.590437250410903225e-01
5.423302941925624010e-01 7.867834266472071292e-01 5.957874754160813469e-01
7.365363732033670674e-01 -6.390231485670894163e-01 -7.260110720141634832e-01
1.411232251730238918e+00 1.213604424062219467e+00 1.448109647620943186e-02
1.193586070768536622e+00 -4.177907529086563043e-01 1.242801478800713344e+00
-5.264023219357536476e-01 5.957996762145545411e-02 2.098076236299338815e-01
9.872083447078938701e-01 -3.468345285457976601e-01 -1.420630029881092549e+00
1.406578459607358722e+00 -1.051019116616265237e+00 -1.160921259733290078e+00
-7.807357025613685941e-01 9.330116848146050579e-01 -1.567662259268155500e-01
-2.366203118257586002e-01 -1.006815875093517665e+00 -6.517705763028314170e-01
-8.292508185698155287e-03 8.232405104447553246e-01 -4.149281534480511180e-01
-4.499583113231850895e-01 8.222314029395527690e-01 -3.214165734861087476e-01
-8.331681507744885806e-01 -9.076928522168226099e-02 -5.631212839710142415e-02
1.319777102674967173e-01 2.125132343385925937e-01 -1.138745463637843791e+00
-1.051179754006353662e+00 3.072109856475454537e-01 -1.089387102232751925e+00
1.398797191163883902e+00 -3.448290279685115589e-01 9.746861309844089272e-01
-1.414847865217218503e+00 1.278115892007651411e+00 5.456976394776502648e-02
-5.166035355008438135e-01 -7.967914781650891065e-01 -5.536042347507683647e-01
-6.853685923027424964e-01 -2.601120132415002395e-02 -3.959482114154718735e-01
3.063013716975770961e-01 5.872181836705658853e-02 -1.864841558118126574e-01
-1.226448700734963371e+00 1.091224652429147568e+00 -9.344179316384590983e-01
-7.893663012902319975e-01 -6.244297427852169013e-01 -9.684143568555666493e-01
4.594585254001791741e-01 -9.853948912678667238e-02 -1.346434047145404600e+00
-5.491686519822555068e-01 5.758547378868237310e-01 1.043910036977275579e+00
-6.922716271000691757e-01 -5.835183170565692024e-01 -1.122250647712236926e+00
-5.587344935774687382e-01 8.024935785718027015e-01 4.393368125477320474e-01
-5.627490947268252164e-01 5.779876672296246909e-02 -1.195460337397076245e+00
1.076024334097525070e-01 5.088217008284298126e-01 4.099439487918825620e-01
3.491105926989285235e-01 9.953927863890553729e-01 6.140818223897382966e-01
-6.234659237694316625e-01 -3.029257719142609551e-01 2.909031094895251357e-01
-9.027450440070701188e-01 9.994546423476278196e-01 8.452662716267395071e-01
1.188370287155059657e+00 7.423643978759576489e-01 -1.095711087585039323e+00
-2.453934857472460651e-01 -9.520552063968450440e-01 -7.739792584934663822e-01
5.364379652528440401e-01 1.049130228432126888e+00 7.069680544183694071e-01
-1.316896682125449303e+00 3.874435365510875418e-02 1.168873827241461383e+00
3.642477120450636763e-01 2.837581452314843489e-01 1.338130423111029810e+00
-1.487190800813642522e+00 -1.406522119187919362e+00 1.191996062608928320e+00
-2.889028912068147825e-02 -6.438390880987784337e-01 -1.653215672550423232e-01
-1.464548027376535444e+00 7.351396588601162296e-01 1.026875950801445558e+00
-1.276859658203941539e-01 3.232109584013653780e-03 6.916895254084159950e-01
1.122463978185470612e+00 9.661841463969068622e-01 -1.487738536931560551e+00
-1.263458456046334888e+00 -4.236535258402603921e-01 2.361963124340260567e-01
1.153729110130784274e+00 -1.072861288438285543e+00 4.442272223875132209e-02
1.498560055963598536e+00 -8.034484722982156990e-01 -1.116654190467946783e+00
-5.829327211426701405e-01 5.702471947989513623e-01 4.183289262269765940e-01
4.675897503395244348e-01 -9.495672142113223968e-01 1.124180035720484749e+00
4.873519339014266150e-01 -7.155079684543268481e-01 6.476167389969228472e-01
6.037299333531909173e-02 6.979747176723982705e-01 1.442774660920384422e+00
5.049076420936762233e-01 9.448900069146729530e-01 7.886453121991239268e-01
1.200133315315694116e+00 6.849147950364025128e-01 4.414349643639637888e-01
2.740619106544961436e-02 -1.391465013319687305e+00 -1.179376039709432611e+00
4.430018769811789880e-01 1.330399230202509608e+00 1.258688897251768690e+00
-9.303394268257706434e-01 1.297217509331803242e+00 1.351607035311234384e+00
1.292037967647935659e+00 9.010197885132656959e-01 2.877693646510026682e-02
1.183715195413434396e+00 -1.362301771077223389e-02 -1.105348197308732683e+00
5.620734160456468675e-01 -1.927149682641818851e-01 1.499171891454957883e+00
-5.943409802439647560e-02 -3.544224200674611636e-01 -4.265527960639363680e-01
3.738869624691535387e-01 1.219282221216765549e+00 -9.303409088826132267e-01
7.225207591735368640e-01 -5.305252984193515875e-01 -2.588400442845687488e-01
-1.266225389977347238e+00 -1.302802919239920865e+00 -5.208150833963801629e-01
1.025895780992063244e-01 4.720489733443977709e-01 -8.758691878907507444e-01
-5.804290543916835743e-01 -1.307839771966312625e+00 -1.159687718474779139e+00
-1.497842648266642485e+00 1.244841258023546615e+00 2.996575923861281021e-01
8.635795377095204506e-01 -1.040888665471458863e-01 -1.274451715945630781e+00
8.073583486841869883e-01 -9.236395033133936172e-01 -2.539520981227142427e-01
-3.314427407678390836e-01 7.874456259258686419e-01 -2.028886538182834709e-01
-1.347178423228995836e+00 3.693258021535500424e-01 -5.227349499271091160e-01
-7.858732299739328298e-01 8.463811094032495097e-01 1.483919313706280274e+00
-6.465629673647433906e-01 -1.125630414673316482e-01 1.088997513331630529e+00
-7.385505465100661304e-01 -8.693502723047888958e-01 9.874861196564466148e-01
1.999449934535318940e-01 8.948162072851040261e-02 1.383532146650552352e+00
-7.283228473241273315e-01 1.129890394436841250e+00 -7.962400339187736265e-01
5.240885905873299278e-01 9.753636879735887444e-01 -9.604787513064434457e-01
-1.436488773769664995e+00 7.410805619288256541e-01 -2.266379872884015656e-01
1.449809912385810140e+00 7.598089347454830556e-01 5.792589000430287127e-01
-2.788677559889061186e-01 9.389095800555846694e-01 9.004274263332645578e-01
1.061212807910739020e+00 -8.755132486473410358e-01 2.395979502079621515e-01
-1.050947568074660055e+00 1.161520770520621859e+00 5.750096401565703008e-01
-2.179658080088885397e-01 6.651959674607724748e-01 9.926475396608112067e-01
4.654242701190834941e-01 -3.924674819677964610e-02 1.020192852562166408e+00
-1.471089473433968120e+00 -1.384682012735103829e+00 9.575034742447177116e-01
-7.230053603319902544e-01 -1.145845405928987315e+00 -1.337556328838036102e+00
-3.334088002262253214e-01 -1.088995917976089967e+00 5.716584258656758344e-01
1.091543381529428425e-01 -8.993594071459687367e-01 -1.437269375074978317e+00
4.727139661991410780e-01 -7.225939682392528152e-01 -1.946749063380458500e-01
8.056873629913360313e-01 1.431840046717522519e+00 1.032011657282355888e+00
-7.294081551674659325e-01 -7.855110537385342484e-01 1.016257536983860899e+00
9.722091057970102534e-01 -1.280309373174133070e+00 -1.489896539313826151e+00
8.341238767908258911e-01 2.532039748485447328e-01 1.023446760108113196e+00
-7.528607024938988035e-01 -1.452355849208740945e+00 1.346735336487522305e+00
4.896253582251660630e-01 -3.997007374005472347e-01 -6.491441842371218351e-01
1.299061116632255430e+00 -6.672557937588518007e-01 -1.276881567731870337e+00
-1.006656759004850077e+00 9.271348437679853838e-01 1.953206509431076876e-01
4.472450675950322418e-01 6.800029904354489840e-01 8.328913549912233538e-01
7.127797485555007473e-01 -4.803649398677136695e-01 -1.293191073323807228e+00
-1.482706191849219923e+00 1.682694913462741138e-01 8.739396124217877482e-01
-6.277718463801074122e-01 -9.709338195317633868e-01 4.537636554481578877e-01
6.993995434809896494e-02 -5.910556895237916164e-01 -1.047187828459443359e+00
7.854403926832046468e-01 -7.133740026164244741e-01 4.616335215135680681e-01
1.409314699686377015e+00 1.335575340003172240e-01 5.943460160603453168e-01
-1.193387507513149259e+00 3.652590378924784886e-01 2.551608156191851329e-01
1.388521032321011539e+00 1.206615417960224423e+00 -8.520342916963405955e-01
-8.805449023474485326e-01 1.431123181964024216e+00 -1.395915349104512426e+00
5.334227251452904328e-01 4.965148351595527476e-01 -3.485094390132642550e-01
-4.191275758449573008e-01 -1.164519209762604479e+00 1.091634303506570536e+00
-5.615316271687743610e-01 -1.365481758600501916e+00 1.083743219875954011e+00
1.098789974708213713e+00 4.249649699406828907e-01 2.402355778091272986e-01
9.840513735094224002e-01 -1.374858794683421870e+00 5.774540947360229382e-02
-1.147578260965475661e+00 -2.507226940401567905e-01 8.481060989988854493e-01
1.218496456672554906e+00 -3.868309477595394119e-01 -1.303478399180891145e+00
-5.485477715405089327e-01 -4.825601018360801131e-01 9.977187357511059229e-01
1.215136200574526537e+00 -1.406858716210281024e+00 4.122149725788243346e-01
-3.193657773025365687e-01 -1.370593148307679421e+00 -4.373208605975111851e-01
-1.447105336359713501e+00 -7.917364053752384834e-02 -3.606722592000004557e-01
-6.204185518504068408e-02 -2.830571215893287196e-01 -9.111417571155585593e-01
9.107661202844239412e-01 1.143697307876710312e+00 6.251444685822932223e-01
1.040989190337155534e+00 -3.612591360891230785e-01 -1.459262984062472679e+00
-9.208201905533077714e-01 -1.449337347588989466e+00 -2.492255795830958798e-01
1.075931447727016099e+00 9.054468819343981512e-01 -6.027785779902894436e-02
3.246902291948612351e-01 1.062284675934302314e+00 -8.517167066854754998e-01
5.013851604726154987e-01 7.301194583609686983e-01 -1.335712533210133168e+00
1.434592830707924094e+00 -1.101093736246450128e-02 7.758114808660853123e-01
2.802696682917477089e-01 -1.298169185312764373e+00 -1.254730379527362771e+00
-2.438540956487049716e-01 -4.689221934265435099e-01 6.491472650792765586e-01
7.073659987344382838e-01 -9.236777567843298398e-01 -6.968091944343474120e-01
-8.776860153753183180e-01 4.191460162807403300e-01 -7.328222132447048676e-02
-1.338517704207539794e+00 1.248723111861031354e+00 -1.053219663450150723e+00
-1.186969674469263492e+00 2.213317004287576051e-01 5.919325823553754917e-01
-3.930208015353658935e-01 -7.990514217514215201e-01 9.069908166163761498e-01
1.792840529076256129e-01 -6.196877782441646554e-01 -5.666406105686271344e-01
9.424285143271868836e-01 -4.406846716639509776e-01 -2.719018829568791151e-01
-8.728453339737674010e-02 6.384676612035725674e-01 5.855226984764655418e-01
2.775605887581570341e-01 -1.379958670807962529e+00 5.820966507368270371e-01
-7.837275064523224755e-01 1.988858936565264246e-01 4.272738429020392914e-01
2.874419410283862719e-01 -8.446753337923464944e-01 -6.789323469183716764e-02
-9.902677196545368599e-01 -1.187686259731698613e+00 -1.392742065215385461e+00
8.301893913199720476e-01 1.141091147748710899e+00 4.905429484390227968e-01
-1.209155454537385044e+00 1.266537577767687273e+00 1.010571096055319584e+00
1.222582239671344162e+00 -2.577162693372236912e-02 -5.501571934151096022e-01
3.314006556762654210e-01 1.450008044232604654e+00 -4.176508185610519064e-01
6.260867532847009809e-01 -1.270985736119493392e+00 1.346511429694911666e+00
-6.424223820305421384e-01 -1.346926962709340092e+00 -6.227894447085934315e-01
2.149398578180613528e-01 -1.764926600213843066e-01 5.625387075374299606e-01
1.788184263890552073e-01 -1.027932506505319310e+00 7.363852489034878879e-01
1.080521773537750363e+00 -1.415657818597070516e+00 -6.269407213337668816e-01
5.993173276461195575e-01 -1.327827444674414048e+00 -4.771768419925973559e-01
-4.278799470999793408e-01 -6.882907092140285732e-01 -7.526092283872624078e-01
-1.168417199842670007e+00 9.805466872944630374e-01 1.158446065794155100e+00
-8.455317491449375611e-01 5.150555009419515162e-01 9.583848205779287310e-01
7.063206721135061317e-01 7.217023233329431520e-01 1.269104022372996354e+00
-5.514965148037342946e-02 -1.292455903938734441e+00 1.088097297810842523e+00
-1.181278531602794502e+00 1.126504484700521669e+00 -1.004001279910109456e+00
1.974079262925095835e-01 -1.075424332139412797e+00 -7.400344871181210316e-01
-7.126559359742419275e-01 -1.168452433382635380e+00 4.943791508861737904e-01
1.208738681378553892e+00 -4.547695087306897754e-01 -4.488973429285453287e-01
-8.684950990557475103e-01 6.341835183856880942e-01 -7.887570319209662451e-01
-8.354854612713112916e-01 1.224356562729614462e+00 3.925136353134021094e-01
-2.164657342832514431e-01 -7.988008650144959866e-01 1.423443369777928735e+00
8.108814075091393958e-01 1.435889781250574870e+00 -9.051113604341120000e-01
1.313343318872970844e+00 -9.127160959754825331e-01 -5.893987249433837450e-01
9.953764096121551219e-01 7.164112374450195553e-01 1.134615760859198019e+00
-2.329151560087829864e-01 -1.324748623639790512e+00 5.660152268301410494e-01
1.516038007048461367e-01 4.260500178220255618e-01 1.058386610186603516e+00
2.430827260653178890e-01 1.408462692260164850e+00 2.855833933967633076e-02
1.354675523686545313e+00 1.192986574344248707e+00 7.783440340800418245e-01
-9.654800075051136465e-01 1.291590114298044600e-01 8.366764514741897862e-01
-8.514898199886465902e-01 -5.670532231226332875e-02 1.625850886281977603e-01
-5.690411001106184807e-01 -1.372507525948629681e-01 -6.259564514010983460e-01
4.466873068010861481e-01 1.123012417543603370e+00 9.094531088283178688e-01
-1.073846885875395785e-01 -5.870800274945164876e-01 -3.994882028675567076e-01
-1.380774378851000961e+00 1.453965395618427081e+00 5.537652286538505830e-01
8.028350617967984215e-01 -3.927759129447603303e-01 1.992999691295141984e-01
3.689437044159572521e-01 1.352943579324989098e+00 -3.306630712637079750e-01
9.450486739809349501e-02 1.403935629087721404e-01 -6.032902813137900333e-01
2.803571873165500161e-02 -4.318574175195972753e-01 -3.399477650029953946e-01
1.240257606705341686e+00 -1.193960446463727898e+00 1.374569437299472119e-01
4.226653338157508877e-01 -5.573199445325827117e-02 1.370325103160103364e+00
7.977771105105012639e-01 3.848596247503253132e-01 -2.317937101681517564e-01
-9.526123409999759373e-01 -9.030764248485337875e-01 -9.953828741799175539e-01
3.941134399713663861e-03 -1.038741046726243455e+00 1.489363797614885465e+00
-4.080141607395366687e-01 4.413498070080326130e-01 1.392186187555845667e+00
-1.622804062805085490e-01 3.341636430976224759e-02 2.331742602813731136e-01
2.078942612920655630e-01 1.122963670994308050e+00 1.458023493158079997e+00
1.573798193558488823e-01 1.044209728427786255e+00 -1.308288318240469650e+00
5.831598700731135398e-01 -1.331309828661085604e+00 5.293605829010771258e-01
-8.617439816061087665e-01 -9.039160767136863450e-01 1.170820126868394873e+00
-1.840358255229805895e-01 2.546516137706553717e-01 2.241069509312079155e-01
5.182291709146946701e-02 -4.747916282656086118e-01 -1.467143532686373764e+00
-6.773758597991363928e-01 4.511407939273697210e-01 1.042224141987682540e+00
3.226083774284647099e-01 -4.087733961286197371e-01 3.580409347112305518e-01
6.603522375867730831e-01 8.831207148477231428e-01 4.170160392600584798e-01
3.951153089252172901e-01 -4.639492846379186242e-01 1.385493442765010297e+00
-1.033275675981947916e+00 -6.418720531304900057e-02 -1.254623305736788819e+00
1.885800430508832726e-02 -1.034343658067060634e+00 8.305551773122310522e-04
-1.084614715724902645e+00 -7.744153137419734767e-01 6.407692585304101129e-01
-3.353726867265021117e-01 -8.256659615890471482e-02 -3.119542719727937952e-01
5.335270758160424176e-01 -1.331879617417917494e+00 -4.515318745474213857e-01
-2.742953135506824847e-01 3.499457189282909608e-01 -2.560298877374773685e-01
-9.045040438370731684e-01 -9.675882528096022561e-01 -6.493954607185720151e-01
-9.365591280663618790e-01 1.353396715975187625e+00 8.122266844971360866e-01
-6.546338908973426962e-01 1.157764920291180388e+00 -1.240683078330602207e-01
-1.236761650805573876e+00 8.038096316854942414e-01 -5.992959311046103243e-01
-1.083985396223330566e+00 4.084710614842949061e-01 -8.002714206804442121e-01
-6.561658184642065184e-01 5.668263855763540082e-01 -1.581048326940954762e-01
-1.095251253741104547e+00 -8.720324768430850471e-01 -9.147118761137662535e-01
-9.492778093482688861e-01 5.734120449908005623e-01 3.685135564194930158e-02
2.008336454707759788e-01 2.034196311666385260e-01 -7.869420795897109633e-01
-9.491376226842737074e-01 -5.508010176547913916e-01 1.481907691983433528e+00
-1.200055856784977726e+00 -2.914056661817193694e-01 1.292670531333326656e+00
7.462479419247658452e-01 2.099508136692495031e-01 2.870599662942039387e-01
6.519299635218764877e-01 7.026766758902422971e-01 5.396151393395998142e-02
-7.816746127631524210e-02 1.324076193501310339e+00 5.491110378037911133e-02
-3.080198759634225070e-01 -9.221716673755764315e-02 3.797081960878878615e-01
-5.928548550306145248e-02 -5.787436220257258235e-02 5.035316119350374819e-01
-1.007949344526900326e+00 1.224368775719030245e-01 5.478072104566187317e-01
-1.382259635637383299e+00 5.105853378220253092e-01 7.137169162058650818e-01
-1.158897137857991533e+00 -1.225063436111098802e+00 1.217754416068130841e+00
-3.830172471682936619e-01 1.007854941384312308e+00 1.118790365205098780e+00
-1.418696376865973274e+00 -9.601426098551324451e-02 -4.717234633773973451e-01
6.891126662630224775e-01 1.850355014487603533e-01 1.227998639369505263e+00
-8.174453332213530432e-01 -8.665509208284942755e-01 -7.181358404279403196e-02
1.035095335470433975e+00 -8.030190641392204176e-01 1.127728338053134438e+00
6.540527223573834315e-01 -1.225527838209096165e+00 3.927242302373052940e-01
-2.444163093111786367e-01 -1.171633049993385356e+00 1.631685548490872106e-01
9.130497684448010132e-01 1.293407091204705317e+00 1.328487031084722769e+00
3.016425687671520084e-02 -8.571206249528471321e-01 1.360197239332744612e+00
8.104511503472731082e-01 3.705026758542979692e-01 -7.465541669906529121e-01
-8.090459827033554818e-01 1.116381233175406607e+00 -1.328138256610301493e+00
-1.227677636466192101e+00 -2.007461651627351351e-03 -1.320565891267370118e+00
6.500806539653750660e-01 6.140557947822840035e-01 9.607216686795967409e-01
7.510676693776662249e-01 1.605454227576827986e-01 1.432598892640878585e+00
-7.721920599985412359e-01 1.201641875746661148e+00 4.426659936496601944e-01
-7.679482222314959472e-01 1.072606031011336114e-02 -1.233516564066184040e+00
-1.373092394352747325e+00 1.269006438001098358e+00 -2.237225695627746980e-01
-1.153807493856222166e+00 6.226197312716639232e-01 7.034119667387187524e-01
1.022544881480011103e+00 -1.148153991452986133e+00 4.648775004702121461e-02
1.329392198623136290e+00 1.485082841698412537e+00 -8.492547578060228863e-01
-5.811999978825550528e-01 -7.794409186263613343e-01 -9.455246518279860624e-01
6.699894615920365393e-01 -5.632241119368470716e-01 1.330305583380515300e+00
1.400334767418597970e+00 -5.262075943186872440e-01 1.070092084633913476e+00
3.966377997950143452e-01 -8.269935897841880212e-01 4.870411182480027801e-01
9.813975297409102128e-01 7.372298949777440491e-01 -1.219058243174570677e+00
3.830768220073446084e-01 9.901391931823814163e-01 -1.061366424499980532e+00
-1.394689520716482001e+00 6.059345559281824611e-01 1.296591910484930610e+00
1.036517021658259985e+00 1.439048531433330114e-01 -4.340844779332119208e-01
8.926690682154412304e-01 -9.509414132384060858e-01 3.047900752805547953e-01
-5.512993324322128519e-01 4.320103392087395466e-01 3.198425936589329721e-01
-1.030355406510684357e+00 1.021741528856673131e+00 -1.478009229663431512e+00
-8.070566337564738513e-01 1.083828735361754614e+00 -8.096310038457321667e-02
1.506006354877997833e-01 -5.412466131098256916e-01 -3.151413406690749541e-01
6.202783797647128949e-01 1.832802160790196755e-01 -9.447688257447839355e-02
6.398835299690477374e-01 1.180596350250946447e+00 -1.206751111321839876e-01
5.249581759377919266e-01 -7.554737311783934484e-01 -6.553261169206352488e-01
-4.474583458492104038e-01 -8.148083603588623935e-01 -4.987317599650529232e-01
-7.573955781371736196e-01 7.825338823579167657e-01 1.176115986387815227e+00
-5.170428820171498741e-01 -8.613907122768295066e-01 5.299696366069067688e-01
-6.722347810301445570e-01 8.208066141222807310e-01 -4.593688165151673664e-01
1.102315822459521311e+00 1.976539919955233593e-01 -2.469467815726398285e-01
-3.508594627219933093e-01 -1.526918822692678868e-01 -2.983804128774558695e-01
-1.029342118604827050e+00 4.662320610993067049e-01 8.361996149411233814e-01
-1.499399607212667407e+00 -1.269928340434650860e+00 -1.151679323351045170e+00
5.426499894823660908e-01 -2.537168770962702213e-01 -1.047579229984707538e+00
4.225603851704869962e-01 1.413387595537799690e+00 1.456281330040452016e+00
3.455169166608920150e-01 -1.107776687850247965e+00 -1.099657527048552463e+00
2.657533625754324724e-01 8.146309805564844186e-02 1.422597470237033424e+00
-1.270747534452825178e+00 -9.771463728594194098e-01 2.428965564439472535e-01
-5.675698425502809785e-01 8.566813288378262170e-01 6.595239880498651175e-01
-6.439417204360039504e-01 -1.205301928155790181e+00 5.089127231611315638e-01
-1.404795599391948091e+00 6.985014260370950856e-01 5.613500725356452836e-01
-1.210750429057226185e+00 -1.222008917750728951e+00 -2.103932557190727470e-01
-1.312117644033002684e+00 1.684370906684200531e-01 9.369977016954433857e-01
-1.026289714732318892e+00 7.710198586311625135e-01 1.129293937378690327e+00
9.909865018728004626e-01 -8.555265935121767473e-01 -8.476592007644212501e-02
-6.085464785737533244e-01 5.947556385612949859e-01 -1.186221675429691036e+00
-1.843904090282255659e-02 6.051012686713556077e-01 -5.749149026043065547e-01
-3.419004013928069741e-01 -7.923065845383412409e-01 -4.808626613040385411e-01
-2.310260738985547846e-01 -1.035411870816337565e+00 -4.358662197552005679e-01
-1.493480930690848973e+00 8.222899983644366140e-01 -2.906875944203667350e-01
-4.996419310491964083e-01 1.212345898967190472e+00 -1.413815970942150280e+00
4.425040542616666128e-01 9.218418884854123752e-01 -6.667934831643700377e-01
-3.237793530158955546e-01 1.074516227323044415e+00 7.970628907663948048e-01
-1.267763844214595537e+00 1.318291653091927529e+00 6.340217826540013313e-01
-8.316237856820852814e-01 -1.369567247726946047e-01 -2.727644161306957971e-01
-1.189034423347040459e+00 6.069292133097476949e-01 1.195411862902079569e+00
-3.404328170915393859e-01 -1.078561148601121733e+00 -1.061938206479941638e+00
-3.889733595056625859e-01 -3.968994761713557917e-01 1.424522327334352578e+00
6.759791518780230435e-01 -4.895965652897488196e-01 6.204080332094379369e-01
-6.910547463994406447e-01 -9.966716001801463332e-01 1.203847665778337017e+00
-8.601190593896347325e-01 -8.728176107344878254e-01 -9.641958563173174124e-01
9.631786774954185226e-01 -3.230044240454543747e-01 -5.678707115231086400e-01
1.278022725117857972e+00 -1.053247997166551153e+00 1.472216790634955697e+00
4.346324042136997523e-01 -9.765687866096719461e-01 1.390010922471787591e+00
8.440489921133611517e-01 -2.976087342695504789e-01 -6.024339728863240540e-01
1.084470931293130658e+00 -1.254741660628954758e+00 4.579125942589136189e-01
-1.302700783690707409e+00 8.438600405667986415e-01 5.926640902106699027e-01
7.433962518171359779e-01 -2.016392024117915627e-01 9.438154711423472065e-01
-1.144619144582563086e+00 1.067649575816360441e+00 -1.182949499705499896e+00
-9.719047780767667843e-01 6.877537160100075653e-01 8.718404776886784502e-01
-4.123019622874134482e-01 9.003700741888376324e-01 1.414039612378011901e-01
1.792376917786524526e-01 -9.811913560094428499e-01 2.955994807033184291e-01
6.113895012960021136e-01 -9.576883578899710869e-01 1.302779397042708176e-01
1.125511600634961251e+00 1.348712147559317787e-01 -1.488508103642225855e+00
-2.152979387585074456e-03 -2.523461024015009047e-01 1.035589607463123230e+00
1.242833553289458548e+00 3.831458252667383491e-01 -2.444727515971862886e-01
-1.208104216265958541e+00 -2.841142478722826770e-01 7.311076021001621239e-01
-8.796525218217351449e-01 9.849656963587455349e-01 -5.158593862211940939e-01
4.444533242723727184e-01 8.854129649934955326e-01 1.403120650785413703e+00
2.725009963476633379e-01 -3.880715337411567711e-01 -3.940819646943090060e-01
-1.390663977593432854e+00 -1.588674787081533202e-01 -1.392086342134422061e-01
6.602398741628038303e-01 -1.034994731909436805e+00 1.470328368262221241e+00
6.459890555687082259e-01 2.108074332416902674e-01 -9.098278792924793246e-01
4.162539247352665672e-01 -2.774025123179334473e-01 -1.171200592466909107e+00
4.381533343481646137e-01 9.034570245728574811e-01 -1.855470466382180827e-02
-1.127969730898214173e+00 -1.086281599679962628e+00 -1.207438826331409532e-01
-5.450669362220667002e-01 -4.621305700394255922e-01 -1.063711646409771561e+00
4.685657880760385474e-02 9.981932139062836828e-01 7.081949896981591941e-01
6.762919126161941463e-01 5.219724369887857041e-02 -1.036447762916090642e-01
1.236702600555532605e+00 -1.289756681745504396e+00 -1.376600470194137893e+00
1.085983984885269260e+00 7.902481652879665974e-01 -1.063842443939213345e+00
4.055746941901543501e-01 -8.729356018538977358e-01 -9.735737004516106241e-01
-1.326764289574279942e+00 -1.483879200402211662e+00 -1.424515821062254162e+00
-3.549558725700687756e-01 -1.205994310152071147e+00 6.364373796502016400e-01
8.466114784556553197e-01 -9.297838191587879386e-01 -1.092582347155556910e+00
1.312161119747417892e+00 3.019453751278801112e-01 4.883923797873622741e-01
1.116387574377516234e+00 1.022965422866744412e+00 -1.026202951179858935e+00
1.106243961975717394e+00 -2.157622600087827358e-01 2.910323085400359222e-01
4.834737964224246065e-01 -7.957161870310455187e-01 9.955831225040121524e-01
-8.364123044992899381e-03 9.615900186159274110e-01 1.278240170780268414e+00
1.338888165598630664e+00 -1.032494698675621603e+00 5.858783854164540950e-01
4.508556156880988430e-01 -1.138069905961837103e+00 9.080756388929229761e-01
8.276926522376951700e-01 -6.380564453086547960e-01 -8.242983597835514820e-01
-1.898500147629189616e-01 -5.973428202020563127e-01 -1.266061051093619660e+00
2.915696207230867865e-01 -5.098304950867159624e-01 5.667282206733850192e-01
-5.357668526432791678e-01 -7.784027242547626457e-01 4.527893756806098402e-01
-1.428024615751492421e+00 6.818369397039755198e-01 1.705745108428502466e-01
-4.219858127265604386e-01 1.258182464072378659e+00 3.649163080967188222e-03
-1.416851823362141882e+00 -4.555957041767363380e-01 -1.456440568086407428e+00
-1.304603173734355082e+00 1.272977499272779589e+00 6.417316052939835425e-01
-1.150241374577065212e+00 -6.955370263542782761e-01 5.100937247702899136e-01
-4.888439847435981367e-01 -7.282588082584037226e-01 -9.267957019685784115e-01
8.544325012117107709e-01 -1.451364726004566785e+00 -5.760495297172840701e-01
-9.370870662006132168e-01 7.618918924978680396e-01 -3.523439813068139914e-01
-3.721621299330966082e-01 3.867831536507704282e-01 -7.734847394772452756e-01
9.071862754745718682e-02 1.302469022637550378e+00 2.153787861375525692e-01
-1.098912989179156696e+00 -1.005441227265047477e+00 -7.461600215351371634e-02
1.337567279535200715e+00 1.246963626517090251e-01 1.141000140825976228e+00
5.710536697436170428e-01 -1.275358642427915967e+00 -6.205013883403915909e-01
-7.878730978330343859e-01 -1.165322281850153185e+00 -4.818050300959932919e-01
-1.391104254916271987e+00 7.045430455058554475e-02 3.978688745624381351e-02
1.300449618129405405e+00 4.011955380294837115e-01 2.079970563640474168e-01
1.010397419877784753e+00 -4.809748245840890224e-01 6.856351234258691862e-01
2.757627248873657511e-01 -6.634226319640327274e-01 -1.300943203063816389e+00
6.965780691973280092e-01 5.654385974347653221e-02 1.382840150778111843e-01
7.749544340017976429e-01 -8.834877105491110161e-01 -1.347239796425848013e+00
1.107743836231012136e+00 5.327028545362686440e-01 -7.989932563008568245e-01
5.723135075310985531e-01 -4.219320516625025830e-01 -2.183993986804561027e-01
7.745260004620420080e-01 -9.136317737020903662e-01 -1.439301942576461046e+00
-5.489126156133747880e-01 -1.664634118026970810e-01 9.354304807971871583e-01
1.449162121327466579e+00 2.359016090965456725e-01 6.979498133279642413e-01
1.422703135797703133e+00 -2.721264536115203247e-01 -1.441428317846588092e-01
-8.251261300596647308e-01 5.659448487740101896e-01 4.374578427526620850e-02
-1.289874538944273397e-01 2.799296966945019616e-02 -6.114774634748159077e-01
-9.433430563713306460e-01 7.280722823667478139e-01 8.794442348576418933e-01
3.371188618510991830e-01 -6.762640625180824649e-01 1.285750873639295300e+00
-7.301747636256252783e-01 2.410022291220683677e-01 5.851543677782942154e-01
-9.881986164472940093e-01 9.356568997889060935e-01 1.474098719089653287e+00
-7.117557500797575543e-01 1.243559863565602441e+00 -8.119994998847036571e-01
-8.606642743892221059e-01 6.487006126342095280e-01 -4.706971722719277551e-01
-3.817113779752046021e-02 -2.012420373117307371e-02 -8.048425374040837355e-01
-1.201648122671426622e+00 -1.104352432709458487e+00 1.451463410494737705e-01
7.998714531560771057e-01 1.174133758354975354e+00 2.706252888834301817e-01
1.231530771835834148e+00 1.086390894746013913e+00 1.293869720449012162e+00
-1.259969311713545537e+00 -3.905125339763800829e-01 9.264320683897698805e-01
-7.234640198183145410e-01 8.513246439442327951e-01 -1.380874233757932057e+00
-9.039769304234526182e-01 1.383426561509639274e+00 5.162328953860272351e-01
2.346525775340979614e-02 7.086121433899285060e-01 6.636552379944923308e-01
-2.816573635823914623e-01 1.452757241452022230e+00 -1.307085453245907303e+00
-1.086002043630517555e+00 -1.059136290912166656e+00 6.617269970922061706e-01
-3.633315459975847705e-01 1.431588381012121047e+00 -1.301275211461063730e+00
5.998573086842330371e-01 -6.141638531986814975e-02 -1.323663258428504186e+00
8.172646989052575472e-01 3.876755748337024077e-02 -1.353803944746432730e+00
6.507963844820325860e-01 9.457622914678099901e-01 -9.494126619566302105e-01
-6.841790726173178072e-01 -1.240612867568007260e+00 -5.915620118751323542e-01
-1.398499200363668482e+00 -4.327232358425193715e-01 5.540349034114939730e-01
5.269535761401928919e-01 -9.526328693552992277e-01 3.289072935130712416e-01
-3.666613292600336971e-01 1.014840690924153854e+00 -6.285629768693068442e-04
6.099598267437511545e-01 -1.407216997749173082e+00 -2.625145478710065872e-01
8.360915499013243934e-01 1.155725557201355835e-01 4.675683112801839458e-01
1.261277553896958281e+00 -4.106104919178805712e-01 7.508534681418026491e-01
-1.169429636486994273e+00 3.418488447773304628e-01 -3.737527541156446809e-01
4.498957847003950405e-01 -1.195917160258663348e+00 1.073824993848856657e+00
3.161793064209911241e-01 1.425596223776804283e+00 -5.376903628408873370e-01
-1.313256351844595660e+00 3.106382673023176944e-01 3.421262519618033515e-01
1.342042453557908521e+00 -1.060100110878943624e+00 2.799464997182197212e-01
3.186750467356170846e-01 -4.826098288121146718e-01 5.958352481813656842e-01
-1.484989549408635590e+00 6.875591311320520260e-01 -4.671961810709238661e-01
1.179947716154543524e+00 -1.058198783714862312e+00 -1.222396951134920862e+00
-1.400942098515023382e+00 6.431840634788217326e-01 1.019519185683404272e+00
-5.905900241898016656e-01 6.089392162861403390e-01 -1.161279360605161237e+00
9.279323965449274292e-01 -1.342342259895354939e+00 4.453349219821789440e-01
1.348649826269955332e-01 7.597833462106623470e-01 -4.306513871457104958e-01
-6.666803160403322881e-02 -1.004071508077052366e-01 -1.264158716810225069e+00
1.272182685856551032e+00 9.879907144625544868e-01 -1.692031480854240266e-01
1.235106022740119824e+00 7.263808879399813456e-02 1.108138397948183584e+00
-1.346791551991802116e+00 -1.739428385114349940e-02 -5.762640821910604005e-01
-1.031314408785363401e+00 -1.491328040267546173e+00 -1.880624209573955596e-02
-5.763575634082521715e-01 4.463750513763118377e-01 4.818479230801647750e-01
-7.925253404985808103e-01 1.486161484328302196e-01 9.797375460644385248e-01
-7.632986573455415868e-01 -1.200118315455012130e+00 -1.234565626167752006e+00
-3.931225313098152263e-01 -1.124498288585450645e+00 1.206830013847142613e+00
-1.043935806992258852e+00 -1.234470228574256367e+00 5.062218727183427358e-01
-1.972422629128526284e-01 1.160978519554025423e+00 1.225841036858923871e+00
8.173593541502419679e-01 1.452852620520514559e+00 5.455321745178242088e-01
-1.183575332920141499e-01 -1.095292113018001334e+00 -5.271137519472122168e-01
1.978043546242710393e-01 8.610534837330920954e-01 -2.604360970693522237e-01
-1.186837291094903213e-01 9.015565756903688444e-01 -1.385115860374055874e+00
-1.322196622901252949e+00 -1.386488555072999951e+00 -7.485795402376791419e-01
-3.494618983400060719e-01 8.056965484893602314e-01 -1.091216538033970451e+00
-1.930359788809559163e-01 7.161545500496747652e-01 5.108217040115513585e-01
-1.359839098773237609e+00 -2.320390577337073656e-01 8.223089182793597018e-01
-5.073589795998234564e-01 1.284335629981387727e+00 -2.175483002294383850e-01
1.150459637430065518e+00 1.174941227961128876e+00 9.674743297466313896e-01
1.335128350241313822e+00 1.241574645446465563e+00 1.259014233362874879e+00
2.967008310436092255e-02 9.593346813665012407e-01 7.760170926286402704e-01
1.154573654596505516e+00 -3.242333924574797299e-01 -7.710635110643723200e-01
2.427831632045217569e-01 1.122208588743769386e+00 4.509992117866447048e-01
-6.247198892583197827e-01 -1.315323433985726709e+00 -1.236687885803311904e+00
1.201752849495695497e+00 1.268155888597224390e+00 1.261883843600515975e+00
-1.497849299259642386e+00 -4.353230579389172350e-01 9.017701229345509439e-01
1.261217646610685028e+00 -2.219323697832520370e-02 -1.492171309847716287e+00
1.319922641190012236e+00 1.384086731850119545e+00 -4.326685213228570470e-01
4.572135029581542165e-01 -5.151467095644178817e-01 2.309393776973610590e-01
-4.095247823965184608e-01 -8.835763979105457633e-01 -1.350929571752179204e+00
9.990140846736612623e-01 -1.292663664622003106e+00 7.684601094053284953e-01
-8.219828737728829271e-02 2.931124730621125218e-01 6.521513247133897684e-01
1.488374366630014212e+00 2.400412362349069184e-01 -4.135967845755117445e-02
-8.255557054116211546e-01 1.183081482775912852e+00 -1.455701140834382734e+00
-2.014691432505155699e-02 -4.710791618245269152e-01 8.765925843195629952e-01
-5.678848299363724594e-01 1.416978737241962882e-01 3.014358952208411324e-01
1.014364974947769005e-01 1.705007245459181364e-01 9.004018748507104375e-01
-1.485934046330014136e-01 -1.253878814944033637e+00 1.021776273907794463e+00
-3.321296457341249564e-02 -9.673009552145398482e-01 1.154967377319126243e+00
2.557625053427055040e-01 6.483173522440874859e-01 -1.029936681265046561e+00
1.471288557942541653e+00 5.025526004297667937e-01 9.361772351039009399e-01
-4.400745120805285016e-01 8.152984204568448634e-01 -3.220909025005087578e-01
-7.477509632180778798e-01 9.643670932999991452e-01 1.049052704067122477e+00
-1.260433725673782757e+00 1.922608946169094279e-01 -9.579053446958992746e-01
5.622205835955387254e-01 -3.019272708557669826e-01 1.100957435594816181e+00
1.297400847998745999e+00 -1.325974124891389661e+00 -9.572052235113196472e-01
-7.393717423944523581e-02 6.385642988473221315e-01 -1.173442587919363511e+00
-6.313481881154230368e-01 6.300368186376985591e-01 -4.146877444364532872e-01
-1.471421561754364671e+00 -1.341947440126958657e+00 -5.118902972805700058e-01
2.451234847687416840e-01 -2.160756554891443137e-01 -1.179094614149589715e+00
9.613230802796565166e-01 2.451849802167588299e-01 8.472045572029729410e-01
-5.110290653298619201e-01 8.759871840096744577e-02 6.650264323820148649e-01
4.655763808403092785e-01 2.857651355538604054e-02 -1.024228735551647063e+00
-7.827343166740118319e-01 -2.151957630152492307e-01 2.256955709857897396e-01
1.474270381606866298e+00 -2.151194760437170617e-01 1.181364718546296544e+00
-1.471811201890082632e+00 -1.105947722864868421e+00 -5.488688546336781826e-01
-1.598894339006295962e-02 -1.166573122771572102e+00 1.128872888214218495e-01
8.167780388842750261e-01 -7.580038371613364578e-01 2.545076432658481824e-01
-5.460227897847061973e-01 1.098170496234865956e-01 -4.942001557223785202e-02
-1.187239408427418486e+00 1.929069344654182894e-01 1.292426922585005133e+00
-7.553449163732475213e-01 1.258929470217476698e+00 -5.425512704129097363e-01
-6.096958815962870704e-01 -5.707176745420017294e-01 6.704539315120563447e-01
8.304472911849155592e-01 -4.770938209810039465e-01 2.501587478045894652e-01
-1.196502429520682087e+00 1.458399754454319019e+00 4.672686790110407440e-01
-1.036892049551225714e-01 4.348331228100211776e-01 6.385832161710652821e-01
5.467209894996544195e-01 -4.029511384546548003e-01 6.873674675474147344e-01
-1.088775348985070002e+00 2.441982910748456970e-01 -3.709346987703074916e-01
-1.286170994723365713e-01 -4.973625586977019619e-01 -1.115886990143212465e+00
3.057242360459760944e-01 -1.085329546542971313e+00 -4.449936054197283219e-01
-1.194709996328137569e+00 4.485623998255029443e-01 3.581917533469304304e-01
-8.098968581923077226e-01 2.297846744058392732e-01 -1.499922220565308439e-02
1.345538262492693926e+00 7.975343635985201463e-01 3.681912719724320660e-01
-5.661413465966830261e-01 -1.391037715414809472e+00 -7.227782399079640818e-01
-1.380548880558235547e+00 -1.291306056783821488e+00 -1.787367790679508239e-01
9.121705974322269483e-03 7.674093241296178203e-01 1.582054196677481483e-01
-6.232277870701901090e-01 1.347865323333492515e+00 9.050955964982519975e-01
1.128285565129665269e-01 -1.274139711702908295e+00 1.135929589493944514e+00
-1.386374932376553737e+00 1.483955189575481004e+00 1.397203869387816155e+00
-7.321926598604214798e-01 1.494329501419534356e+00 -1.295592337117585036e+00
7.516137551453971888e-01 -3.784953435482684148e-01 -8.512905315426356756e-01
1.953821386524984272e-01 -2.004635572228252727e-01 -1.003372949471024178e+00
-1.385272298757783016e+00 -3.845172063360535741e-01 1.058359957391287187e+00
-3.960964600154425197e-01 -3.219090427986877057e-01 -5.762387868042229133e-01
-7.674474584762452922e-01 -1.434123901279761304e-01 -7.590249937262406599e-01
-3.004326272934382258e-01 1.436476548397271236e+00 -1.110011218813267586e+00
8.608395030062585551e-01 1.158672661866309017e+00 -4.994894649787985363e-01
-9.563822805809785166e-01 -5.162198034241189948e-01 -1.049111961812359883e+00
-1.380619740743369128e+00 -1.348355003412485598e+00 1.465831535121224771e-01
-8.133526121946456078e-01 -6.129934561489064349e-01 -1.204719629631942901e+00
-3.602542410771694126e-01 -8.753628733625055114e-01 5.789861815031577263e-01
-5.137187638311195848e-01 -1.395364281442825538e+00 -2.423429256368193618e-01
8.147867555377242832e-01 -4.142653833557689014e-01 1.463280600228791695e+00
-1.316410362533937173e+00 -4.971909697797359806e-01 8.846035815843495964e-01
-1.133374800151657702e+00 1.352350305805604336e+00 -1.312082064853814067e+00
5.148163309486056827e-01 -6.256338096186691011e-01 2.729491997066513242e-03
-4.273016344236986175e-01 -1.141699839854496634e+00 5.950220863753663547e-02
1.396469230274156148e+00 -2.451792343764912507e-01 1.970216231338750568e-02
1.575513222310319650e-01 -9.355593174135555801e-01 -1.099044935247840193e+00
4.055304476774689304e-01 2.942717794870081116e-01 3.688971522542348058e-01
-6.033073997357449869e-01 -5.214361682475811000e-01 7.257732833560065488e-01
-9.290926122628928585e-01 -6.336233086974979445e-01 1.400998898900192025e+00
-1.434302885113745152e-01 -1.327283509865443634e+00 -1.130263066779177983e+00
5.291667159561432854e-01 6.538510010382668769e-01 2.274856347695430880e-01
1.179996063314659560e+00 9.147997121605349058e-01 7.916459866861451644e-01
-4.718608045456694766e-01 -5.221914422621684038e-01 -6.777057041342149368e-01
-6.347427942425253322e-01 1.207132575609104475e-02 -7.737025386337019750e-01
2.815353501434124661e-01 1.987618344847286167e-01 9.633992243337332617e-01
-3.231919423213377440e-01 -4.715463290938939345e-01 1.136811672524081107e+00
9.660130935843339595e-01 2.171370345969858562e-02 -2.500261306356850177e-01
-1.173620000053781531e+00 7.034596824839121076e-01 -7.073242869387741383e-01
-5.354271179346641318e-01 -1.010607064706932512e+00 -1.435026580331840940e+00
-8.369731713355706981e-01 6.210161604094351917e-01 -1.226204259159190180e+00
1.248101608104189575e+00 1.006708113189370479e+00 -6.279946369208113666e-01
-7.137658399890547400e-01 -4.356868825200767015e-01 -9.597500856637469768e-01
8.835650323334409695e-01 -5.163266753033979306e-01 -3.814709830252083211e-01
-2.150135182863499583e-02 9.940283555287158235e-01 -7.970030608778976289e-01
-1.382819849038753102e+00 -2.059692407184218199e-01 -5.854784258783929385e-01
1.209384712417729713e+00 -1.280793614745875608e+00 5.867277850985519461e-01
3.017922856816925847e-01 6.022301011212528588e-01 6.048496907686990998e-01
-1.227363740376301804e+00 -5.631814686889066168e-01 -7.011130567947394532e-01
6.607615587407623670e-01 -8.896398514797178025e-01 3.457051068470178290e-01
-1.251916095886749458e+00 3.124150835667361958e-01 1.235389165742133866e+00
-4.794105809794324546e-02 -1.262115059368330572e+00 1.489402009157091200e+00
-3.557549196671521141e-01 1.137507322003195487e+00 -3.571133119316942661e-01
2.147283287885493053e-02 -2.256927131234992556e-01 1.227155017025547856e+00
-1.580418121156756950e-02 -3.296816872072424465e-01 -4.418485987477767107e-01
8.519602009878415316e-01 -1.268071786938826939e+00 6.692352523918385643e-01
-1.253698743280460715e+00 1.356224330075261664e+00 -4.155894123206282931e-02
9.857528286407529761e-01 1.359283505919296697e+00 4.887875000596419994e-01
-1.080175819946835869e+00 1.447500496772322398e+00 2.164726108536961791e-01
4.574263987354012517e-01 8.160425929106608356e-01 1.114747874535428895e+00
1.319700924265744924e+00 3.644524611147827997e-01 -1.983526935220072396e-01
-1.374628672363412019e+00 3.630946764170951413e-01 5.894079574582803405e-01
1.219479497879528918e+00 7.174395686599371880e-01 2.170351080353583040e-02
-9.604917051438088826e-02 -7.140907811608149247e-01 1.374383470247078076e-01
-1.301220108986878232e+00 2.071042318720982545e-01 8.567032423175553468e-01
-1.247190412533838444e+00 -1.161339183118094143e-01 -1.005169625517787768e-01
-1.447571694397738806e+00 -1.418202731456179588e+00 5.856095268034535728e-01
1.363574529344532271e+00 1.355507632293498688e+00 -1.078832359678690178e+00
1.454960608580436965e+00 5.085951423638386260e-01 1.052735109503565747e+00
-2.642707595334181647e-02 -1.041014759252208988e-01 5.088315547138314576e-01
2.790313318976003210e-01 5.289228675242935163e-01 1.457615176278709068e+00
-3.887075073988560669e-01 -1.391776966149001815e+00 1.229749452901465201e+00
6.153225298222553263e-02 5.654239583719666840e-02 -6.936256905755667779e-01
8.071803806559283423e-01 -1.432784876812022157e-01 1.033372112197117332e+00
-1.445460337121385885e-01 -9.634935700904256883e-02 -1.101135326032631312e+00
-4.720247751665782587e-01 5.363875301722171862e-01 1.260992110606867556e+00
-2.810429847982901519e-01 -5.933936701453751406e-01 3.632205579632220571e-01
-2.686617512098279370e-01 -2.221984988782575998e-01 -1.223670687152628389e+00
-5.696370167087960734e-01 -7.561285702839050105e-01 -3.244033030238486770e-01
-9.705757809254085267e-01 -3.869798078872977998e-01 -1.155575138536993229e+00
-1.213247694908305752e+00 2.509758542952560401e-01 1.115935555499611542e+00
4.223490441740290757e-01 -2.232591264395681341e-01 -7.247967827470473967e-01
6.459221888715419579e-01 9.012739446323735359e-01 -1.469426565046605848e+00
1.456831548342499616e+00 -1.313885410732281045e+00 1.562031993684719344e-01
-3.543403410388320518e-01 -2.800148425794789508e-01 5.625290896126420304e-01
-1.013197391682453485e+00 1.332826734771443089e+00 -7.944888411209989343e-01
1.334867627446435057e+00 -6.792329951276495636e-01 -1.018400499981884977e+00
1.240975304720770112e+00 2.011282971852331736e-01 -9.994921886846352965e-02
-7.807601587187534831e-01 1.318143390635659440e+00 3.733192592590244274e-01
-1.097108495885459556e+00 -9.872542602139917634e-01 -1.015795803534907282e+00
-2.522313379531623267e-01 1.210542256730231525e-01 -5.841101623371737217e-01
-9.780313531553708195e-02 -1.420160100825991423e+00 -2.038880351584679840e-01
-1.156905884395895701e-01 1.306561544017102339e+00 -1.066802193941323917e+00
-3.724864329324848455e-01 1.013122907873872602e+00 -9.679972826019807020e-01
-8.419765838027902793e-01 7.107191801937196018e-04 1.109050713652542264e+00
7.830512076391743514e-01 -1.992438932716077415e-01 -1.017532340246222189e-01
-1.335100921188057344e+00 7.013021184511158967e-01 1.258653319679627014e+00
-9.384805078761648822e-01 1.211418647049416375e+00 -8.825517262334259261e-01
-8.177107902231901537e-01 9.592999127788689462e-01 -5.065173254313271034e-01
-7.810303828642890522e-01 8.841218698354671446e-01 -8.157722584614737205e-01
-1.016413121213353143e+00 -1.414326366967571857e+00 -1.232755291370517536e-01
9.312070486779266965e-02 -1.179228879412990150e+00 2.297338859949986656e-01
-9.248331188720195772e-01 1.074790036592184528e+00 8.910602382445815817e-01
-1.334002381316695018e+00 -1.130036571032313031e+00 8.820963168278981303e-01
7.430066379035419333e-01 1.341768489754890048e+00 3.366968025861202252e-01
1.340183708718333033e+00 -6.401102622399179598e-02 6.275665256851674645e-01
-9.683590717649361856e-01 -1.355883991277143874e+00 -1.005830593726346756e+00
1.371383572014338359e+00 1.111355701759004333e+00 -4.827199694877308822e-01
-1.004747431213876663e+00 -4.226220378274972989e-01 1.131803404786430267e+00
-6.349079233617277440e-01 8.771004537529325518e-02 1.338726915570196407e-01
1.359342277627092255e+00 -2.683755058931612814e-01 -4.576308819624295143e-01
-1.470426035460474790e+00 1.077502251607384220e+00 -3.828044557354970401e-03
9.305172486959583100e-01 -1.473179195811441744e+00 3.153850630814035716e-01
-1.469014026584933630e+00 1.469669756113872960e+00 8.322185657191616404e-01
9.547761170629590621e-01 8.975301246916336240e-01 -2.293255906858717719e-01
-1.759469974024536754e-01 1.431192004571520959e+00 -1.312389182258895781e+00
-8.693192292239360075e-01 1.289465602682518197e+00 6.960822338142290677e-01
-1.021886533267803987e-01 9.623822717953289807e-02 3.220119590373788920e-01
1.398624774884158484e+00 -8.492095945302413629e-01 9.507892840981196914e-01
-3.299503717513989631e-01 1.817254881458875149e-01 -1.067806472463631362e+00
-1.272636119439862767e-02 -1.400315504654484622e+00 -6.081184379597013301e-01
2.557882610987614047e-01 -1.146111133715447039e+00 -2.408964458905806794e-01
1.338249414802954451e+00 1.154090722634484978e+00 2.733162392093624327e-02
3.173354034335025275e-01 4.469101320029057467e-01 6.093254986234698523e-01
-1.455471586192983668e+00 -7.956416701470752084e-01 1.006267839996111135e-02
-9.614228053680973218e-01 2.370753706172026298e-01 1.430077280910666548e-01
1.055213539060177119e+00 -8.507233987843143552e-03 -5.136262081683289349e-01
-1.028089425960272418e+00 2.096040199820927707e-01 6.708484089340687184e-01
-1.351736248847441146e+00 1.108959047964726441e+00 1.001265564530662955e+00
1.751674764197930223e-02 -1.504897233221780262e-01 8.312403680683131402e-01
1.038093579111336595e+00 -4.637994443555510937e-01 5.375011385798974528e-01
1.342541296632325576e+00 8.638577888615068812e-01 1.297700013025049781e+00
4.719085262331201847e-02 -8.263562861983680952e-01 -2.381962568722093554e-01
1.018058796723645187e+00 -1.342745306550909845e+00 6.653895391445674434e-03
1.442073943399208691e+00 1.392639057048638218e+00 -1.157126664993680221e+00
9.219284159693499348e-01 -4.998210030240058943e-01 3.734341474386448922e-01
5.685598009982809620e-01 -3.158395934448299247e-02 7.671624283273520417e-01
9.065942675302228748e-01 1.019712967224016831e+00 1.221772443207902459e-01
8.896260722218077843e-01 2.338150308200118710e-01 -6.225136043383892037e-01
-1.181491449168278418e+00 7.836071495858929481e-01 9.812279825853580384e-01
8.746764119583716468e-02 6.043393321919554584e-01 -1.281871012219798489e-01
2.906588238998344398e-01 3.044454868085122445e-01 1.133810448471559429e+00
-9.352850232822995658e-01 8.168525609926625686e-01 -7.386573699927939662e-01
1.613589596732745157e-01 1.489232115896742537e+00 4.661948363195520528e-01
1.403085685893695089e+00 -9.521016186307764695e-01 5.650867930697462960e-01
5.847867056636800731e-01 1.244945069731270948e+00 1.355316011161151524e+00
-6.067283323378912518e-01 -1.324483410601429156e+00 -4.160149935398838039e-01
-3.107377996146427623e-01 5.490548250326592328e-01 -1.206122543408335357e+00
4.169305893474144487e-01 1.382563105008816962e+00 2.605710473473579203e-01
7.015018357815164807e-01 -1.434572456442853472e+00 -1.115797204061993675e+00
6.228080719279004418e-01 -2.159268056303839112e-01 1.089271068646572305e+00
2.832865537172851722e-01 -7.714235226229777531e-01 1.273816132679877589e+00
1.336927276438513168e+00 -9.564373731905015941e-01 -1.124400549231318491e+00
-8.425275737841777524e-01 7.243007195097366235e-01 -4.291240448059446821e-01
7.224342656517813710e-01 -1.320113592370023792e+00 9.241334285395013115e-01
1.344204020855919612e+00 9.436996422741517065e-02 1.322379774597398416e+00
5.871420810536203128e-01 -5.156522985586212693e-01 -5.979893486424954219e-01
-1.339579284868784637e+00 -1.083463711946017316e+00 6.129673542252169760e-01
7.454444326295754930e-01 -8.398334026134609553e-01 -8.627607868789899381e-01
8.952484976200848488e-01 1.553889375228332259e-01 -2.143370970257912900e-01
-6.095125476609357662e-01 4.170226621281147850e-02 -4.513261008578256517e-01
3.187301139683101914e-01 -4.685936792798390815e-01 1.083609512663175956e+00
1.560866038778565557e-01 -1.380009093329411352e+00 7.233553716366207809e-01
2.062628120368020790e-01 5.177728087694467574e-01 5.403092905543163127e-01
-4.426456804772427311e-02 1.101064069143288027e+00 -5.234575315831258013e-01
7.164089359072285390e-01 -1.263921310862220926e+00 -8.961024150352063788e-01
1.156919176601137966e+00 5.737546797494986750e-01 1.414567099557378471e+00
7.788864510493150872e-01 2.803036531978456702e-01 2.046112732788938349e-01
-6.127752172639377992e-01 -9.686356372178925866e-01 -1.298688778675033184e+00
-7.599766546979044302e-01 1.259455237884537393e+00 -7.567295736584767063e-03
2.776794396313960744e-01 5.040614651007915281e-01 -1.101009854140849509e+00
-4.380570105933019320e-01 -1.858837097638921243e-02 8.553497434391458265e-01
-1.009891468395034853e+00 4.823575699701212471e-01 8.588461548539577661e-01
9.840261105635461636e-02 4.491704155661631059e-01 3.210451659332234087e-01
6.816345500777676314e-01 1.240809873636899985e-01 -1.360248014113633275e+00
1.454867809272706758e+00 5.237489274319918620e-01 4.362012123991616530e-01
-1.205123860885274123e+00 -1.490122776762625723e-02 -9.224475159615037612e-01
-6.760003818721124214e-01 5.984718054280265820e-01 6.001290244509938088e-01
-4.472768600508195691e-01 5.066593417377158737e-01 -1.067980559538824759e+00
-1.032210995506553486e+00 -3.532362363994697718e-01 1.046229143628335745e+00
-4.777444783816024998e-01 -2.707945594329006500e-01 3.277335260170647357e-01
4.211250938928482457e-01 -8.410087628615420252e-01 -8.513458848898515230e-01
1.423446212047554393e-01 1.411389956889630870e+00 3.022053945795744045e-02
1.187252839637852331e-01 -1.157356905063372743e+00 -8.559808672736041180e-01
1.380607812184460936e+00 -5.664757966261128042e-01 -6.228143296866136547e-01
2.796473677441202454e-01 -2.265130256575892398e-01 5.940274951503650147e-01
9.665792191944387879e-01 -6.329544613134475695e-01 1.124300160153396178e+00
1.005051733357459121e+00 -1.298427372346035558e+00 1.088545042867310686e+00
4.517386997633084933e-01 7.923099774100761383e-02 -1.008655677539623596e+00
1.316659929396219786e+00 3.281972648137493342e-01 -4.562876066843596368e-01
-1.205207009729366341e+00 -1.092036388872783093e+00 -5.153127691830771129e-01
1.166472111532833367e+00 -1.174691645846942301e+00 -1.837894054271580480e-01
-6.011816503259368449e-01 -4.880261051061073330e-01 6.831411703934597845e-01
-1.452754747188403694e+00 -1.046686979097301906e+00 5.233621697265031791e-01
-3.907393879116252133e-01 7.664178769419036641e-01 1.106544171652552588e+00
7.255192252812037168e-01 8.187106627805339487e-01 -4.651582834109412312e-01
-7.643054679212901714e-01 -8.614655427674884347e-01 -1.092205541762826249e+00
-2.324330686302611415e-01 -1.233228529832624876e+00 1.435701556271429480e+00
-5.727261870550859335e-01 2.511296495652672878e-01 -5.520768973260848922e-01
-5.520973713883111644e-01 1.612825483469249033e-01 -1.020488587528846081e-01
-1.326968945477797313e+00 1.165063126711782804e+00 8.109936567998884405e-01
3.147904018143067306e-01 1.350174914757496847e+00 1.356455770259531679e+00
-2.206536101392815308e-01 -4.213243104682177220e-01 2.935121491238945612e-02
8.642427174891950115e-01 -9.750383202269418126e-01 -5.446466147279239722e-01
-1.438166703071811492e-01 1.032554158697287061e+00 8.112491124155456479e-01
6.870254370855162218e-01 6.601808460804544643e-01 4.648502379367097648e-01
3.378816878725313666e-01 -1.105935268794290494e+00 3.701901933676210454e-02
6.404973118014649636e-01 3.710058926444211869e-01 -1.926887093966002107e-01
5.165551383787265749e-01 9.214612048309901438e-01 2.471595017220209467e-01
-5.987867324384142931e-01 -5.926064185485733216e-01 -6.729628082294122349e-01
-6.161781698945654195e-01 -8.352162187074426702e-01 1.356388273475939377e+00
2.221333038707110630e-01 -5.137977347142707041e-01 -1.464038289402417314e-01
1.394876873292793640e+00 4.942214113294339795e-01 3.262580709986987459e-01
-4.665094233406243962e-01 2.172076113243994744e-01 -8.746795766877875078e-01
1.508136361027779815e-01 1.007863478251920464e+00 6.606473721960903767e-01
1.247962931116143537e+00 -1.328238528059257462e+00 1.111979876951040280e+00
-9.999250267985360097e-02 -2.035917833286375878e-01 -1.470620650752649805e-01
-6.919380447093709252e-01 -7.990339211990549195e-02 1.019212926102332828e+00
-5.781846581572054333e-01 -6.439684943425930674e-01 -1.056262950033185044e+00
-1.344005144289027953e+00 -8.638356236130025900e-01 4.744486905487582673e-01
-1.620324512134352357e-02 -6.616233510967636233e-01 3.434364764193658104e-01
-8.094253992306794654e-01 1.033038168123842970e+00 -5.447188999118734998e-02
-4.321276783193634952e-01 -9.984948898110053150e-01 4.468245263500956188e-01
-2.042568683500178839e-01 1.146583711475217315e+00 -1.305808750812449404e-01
-1.219342891271564255e+00 -2.079531711409788874e-01 1.411207654255667743e+00
-4.360387839248502928e-02 6.745680949128134429e-01 1.497145254991455898e+00
1.491883529139319986e+00 -5.247884244173084411e-01 -1.089481842905125619e-01
1.491939638088772835e+00 3.722536241473974883e-01 7.509891546495232051e-01
-6.597613169309120007e-01 5.220976149653366871e-02 -1.147097986065529041e+00
-1.012889109552940203e-01 6.033023503423925460e-01 -9.307783619946552456e-02
-1.341428260462513622e+00 1.068687619281531997e+00 9.996114255842302176e-01
-1.007578057726486342e+00 1.415290158412259913e+00 -1.215298962488680967e+00
1.196358536977823794e+00 -1.365584911929930811e+00 9.158504939328816485e-01
-1.088928553909785713e+00 -7.532676791694287166e-01 7.621328688294468634e-01
3.209001727403746340e-01 5.724648614793097501e-01 -8.266516325651885877e-01
-1.218478354161675270e+00 -1.281392618129896466e+00 6.537855353544572701e-01
-1.219545792108019722e+00 5.068583950416003514e-01 1.568053234881150448e-01
-5.784814027125335656e-01 -1.320835093688882189e+00 1.275989583441521802e+00
